PID Status MotherPID MotherStatus GrMotherPID GrMotherStatus Pt
 2212 3     0 0  0.00
 2212 3     0 0  0.00
   21 3  2212 3     0 0  1.81
   21 3  2212 3     0 0  1.61
   21 3    21 3  2212 3  9.02
   21 3    21 3  2212 3 12.75
   23 3    21 3    21 3 167.91
   25 3    21 3    21 3 158.90
   13 3    23 3    21 3 136.61
  -13 3    23 3    21 3 36.52
    5 3    25 3    21 3 32.19
   -5 3    25 3    21 3 157.49
   23 2    23 3    21 3 167.91
   25 2    25 3    21 3 158.90
   13 2    13 3    23 3 136.61
  -13 2   -13 3    23 3 36.52
   13 2    13 2    13 3 136.25
   22 1    13 2    13 3  0.39
  -13 2   -13 2   -13 3 36.51
   13 1    13 2    13 2 136.24
   22 1    13 2    13 2  0.01
  -13 1   -13 2   -13 2 36.51
    2 2  2212 3     0 0  0.40
   21 2    21 3  2212 3  0.67
   21 2    21 3  2212 3  0.46
   21 2    21 3  2212 3  1.36
   21 2    21 3  2212 3  1.86
   21 2    21 3  2212 3  0.51
   21 2    21 3  2212 3  1.41
   21 2    21 3  2212 3  5.43
   21 2    21 3  2212 3  3.40
   21 2    21 3  2212 3  4.50
   21 2    21 3  2212 3  2.49
   21 2    21 3  2212 3  8.09
   21 2    21 3  2212 3  0.16
   21 2    21 3  2212 3  3.75
   21 2    21 3  2212 3  2.08
   21 2    21 3  2212 3  5.51
 2203 2  2212 3     0 0  1.00
 2101 2  2212 3     0 0  1.42
    3 2    21 3  2212 3  1.34
    1 2  2212 3     0 0  0.70
   21 2    21 3  2212 3  2.83
   21 2    21 3  2212 3  0.58
   21 2    21 3  2212 3  1.69
   21 2    21 3  2212 3  2.32
   21 2    21 3  2212 3  0.57
   21 2    21 3  2212 3  0.49
   21 2    21 3  2212 3  3.43
   -3 2    21 3  2212 3  1.80
   -5 2    -5 3    25 3 138.28
   21 2     5 3    25 3 20.61
   21 2     5 3    25 3  0.21
   21 2     5 3    25 3  0.70
   21 2     5 3    25 3  0.75
   21 2     5 3    25 3  0.21
    5 2     5 3    25 3 30.01
   92 2     2 2  2212 3  8.42
  213 2    92 2     2 2  0.58
 -213 2    92 2     2 2  0.61
 2212 1    92 2     2 2  0.21
-2212 1    92 2     2 2  0.52
  211 1    92 2     2 2  0.15
 -213 2    92 2     2 2  0.28
  223 2    92 2     2 2  0.63
  321 1    92 2     2 2  1.07
 -323 2    92 2     2 2  0.64
  223 2    92 2     2 2  1.00
  111 2    92 2     2 2  1.03
  111 2    92 2     2 2  0.41
  213 2    92 2     2 2  0.69
  113 2    92 2     2 2  1.59
 -213 2    92 2     2 2  0.47
  113 2    92 2     2 2  0.73
  213 2    92 2     2 2  1.82
  113 2    92 2     2 2  1.27
  311 2    92 2     2 2  0.85
 -313 2    92 2     2 2  1.52
  113 2    92 2     2 2  1.26
 -211 1    92 2     2 2  0.25
  211 1    92 2     2 2  0.33
 -213 2    92 2     2 2  1.75
  111 2    92 2     2 2  1.08
  323 2    92 2     2 2  2.74
  333 2    92 2     2 2  2.16
  221 2    92 2     2 2  2.43
 -313 2    92 2     2 2  1.33
 -213 2    92 2     2 2  2.63
 2214 2    92 2     2 2  4.03
 -211 1    92 2     2 2  0.47
-1114 2    92 2     2 2  2.14
 -211 1    92 2     2 2  0.17
  213 2    92 2     2 2  1.34
  311 2    92 2     2 2  0.35
 -313 2    92 2     2 2  0.18
 -213 2    92 2     2 2  0.52
  111 2    92 2     2 2  0.42
  213 2    92 2     2 2  0.20
 -213 2    92 2     2 2  0.61
  321 1    92 2     2 2  0.38
 -313 2    92 2     2 2  0.38
  111 2    92 2     2 2  0.75
  111 2    92 2     2 2  0.07
 2112 1    92 2     2 2  0.81
-3122 2    92 2     2 2  0.76
 -311 2    92 2     2 2  0.33
 -211 1    92 2     2 2  0.18
 2224 2    92 2     2 2  0.65
   92 2  2101 2  2212 3  1.93
 3122 2    92 2  2101 2  0.58
-3224 2    92 2  2101 2  1.03
  321 1    92 2  2101 2  0.34
 3222 2    92 2  2101 2  0.53
 -211 1    92 2  2101 2  0.15
  211 1    92 2  2101 2  1.18
 -321 1    92 2  2101 2  0.03
   92 2     1 2  2212 3 10.72
  223 2    92 2     1 2  0.40
 -213 2    92 2     1 2  0.62
  111 2    92 2     1 2  0.58
  211 1    92 2     1 2  0.76
  113 2    92 2     1 2  0.70
  311 2    92 2     1 2  0.92
 -323 2    92 2     1 2  0.52
  211 1    92 2     1 2  1.00
 2214 2    92 2     1 2  0.61
-2224 2    92 2     1 2  0.30
  323 2    92 2     1 2  1.67
  333 2    92 2     1 2  0.16
 3112 2    92 2     1 2  0.48
  213 2    92 2     1 2  0.65
-2114 2    92 2     1 2  1.74
  221 2    92 2     1 2  0.58
  313 2    92 2     1 2  4.13
   92 2    -5 2    -5 3 158.90
  513 2    92 2    -5 2 140.12
-2114 2    92 2    -5 2 13.41
  331 2    92 2    -5 2  3.73
 2214 2    92 2    -5 2  1.26
 -211 1    92 2    -5 2  0.74
  213 2    92 2    -5 2  3.92
 -323 2    92 2    -5 2  2.27
 -533 2    92 2    -5 2 24.69
  211 1   213 2    92 2  0.20
  111 2   213 2    92 2  0.55
 -211 1  -213 2    92 2  0.09
  111 2  -213 2    92 2  0.70
 -211 1  -213 2    92 2  0.27
  111 2  -213 2    92 2  0.15
 -211 1   223 2    92 2  0.29
  211 1   223 2    92 2  0.37
  111 2   223 2    92 2  0.04
 -311 2  -323 2    92 2  0.21
 -211 1  -323 2    92 2  0.53
  211 1   223 2    92 2  0.63
 -211 1   223 2    92 2  0.31
  111 2   223 2    92 2  0.12
   22 1   111 2    92 2  0.24
   22 1   111 2    92 2  0.80
   22 1   111 2    92 2  0.40
   22 1   111 2    92 2  0.03
  211 1   213 2    92 2  0.62
  111 2   213 2    92 2  0.22
 -211 1   113 2    92 2  1.56
  211 1   113 2    92 2  0.11
 -211 1  -213 2    92 2  0.33
  111 2  -213 2    92 2  0.50
  211 1   113 2    92 2  0.40
 -211 1   113 2    92 2  0.33
  211 1   213 2    92 2  1.02
  111 2   213 2    92 2  0.87
 -211 1   113 2    92 2  0.79
  211 1   113 2    92 2  0.48
  310 2   311 2    92 2  0.85
 -311 2  -313 2    92 2  0.96
  111 2  -313 2    92 2  0.59
  211 1   113 2    92 2  0.23
 -211 1   113 2    92 2  1.20
 -211 1  -213 2    92 2  1.41
  111 2  -213 2    92 2  0.34
   22 1   111 2    92 2  0.30
   22 1   111 2    92 2  0.79
  321 1   323 2    92 2  0.94
  111 2   323 2    92 2  1.81
  321 1   333 2    92 2  1.21
 -321 1   333 2    92 2  0.96
   22 1   221 2    92 2  1.88
   22 1   221 2    92 2  0.61
 -321 1  -313 2    92 2  0.69
  211 1  -313 2    92 2  0.66
 -211 1  -213 2    92 2  1.57
  111 2  -213 2    92 2  1.11
 2212 1  2214 2    92 2  3.16
  111 2  2214 2    92 2  0.88
-2112 1 -1114 2    92 2  1.60
  211 1 -1114 2    92 2  0.59
  211 1   213 2    92 2  0.53
  111 2   213 2    92 2  0.96
  310 2   311 2    92 2  0.35
 -311 2  -313 2    92 2  0.15
  111 2  -313 2    92 2  0.31
 -211 1  -213 2    92 2  0.19
  111 2  -213 2    92 2  0.68
   22 1   111 2    92 2  0.11
   22 1   111 2    92 2  0.32
  211 1   213 2    92 2  0.38
  111 2   213 2    92 2  0.20
 -211 1  -213 2    92 2  0.08
  111 2  -213 2    92 2  0.54
 -321 1  -313 2    92 2  0.27
  211 1  -313 2    92 2  0.37
   22 1   111 2    92 2  0.54
   22 1   111 2    92 2  0.22
   22 1   111 2    92 2  0.05
   22 1   111 2    92 2  0.10
-2212 1 -3122 2    92 2  0.69
  211 1 -3122 2    92 2  0.10
  310 2  -311 2    92 2  0.33
 2212 1  2224 2    92 2  0.43
  211 1  2224 2    92 2  0.25
 2212 1  3122 2    92 2  0.47
 -211 1  3122 2    92 2  0.11
-3122 2 -3224 2    92 2  0.62
 -211 1 -3224 2    92 2  0.41
 2212 1  3222 2    92 2  0.46
  111 2  3222 2    92 2  0.19
 -211 1   223 2    92 2  0.02
  211 1   223 2    92 2  0.33
  111 2   223 2    92 2  0.09
 -211 1  -213 2    92 2  0.06
  111 2  -213 2    92 2  0.59
   22 1   111 2    92 2  0.16
   22 1   111 2    92 2  0.44
 -211 1   113 2    92 2  0.29
  211 1   113 2    92 2  0.49
  130 1   311 2    92 2  0.92
 -321 1  -323 2    92 2  0.56
  111 2  -323 2    92 2  0.09
 2212 1  2214 2    92 2  0.48
  111 2  2214 2    92 2  0.16
-2212 1 -2224 2    92 2  0.31
 -211 1 -2224 2    92 2  0.05
  311 2   323 2    92 2  1.51
  211 1   323 2    92 2  0.27
 -321 1   333 2    92 2  0.10
  321 1   333 2    92 2  0.13
 2112 1  3112 2    92 2  0.58
 -211 1  3112 2    92 2  0.11
  211 1   213 2    92 2  0.81
  111 2   213 2    92 2  0.15
-2112 1 -2114 2    92 2  1.23
  111 2 -2114 2    92 2  0.57
   22 1   221 2    92 2  0.66
   22 1   221 2    92 2  0.13
  321 1   313 2    92 2  3.81
 -211 1   313 2    92 2  0.32
  511 2   513 2    92 2 139.71
   22 1   513 2    92 2  0.41
-2112 1 -2114 2    92 2  9.78
  111 2 -2114 2    92 2  3.64
  211 1   331 2    92 2  0.91
 -211 1   331 2    92 2  0.75
  221 2   331 2    92 2  2.10
 2212 1  2214 2    92 2  0.87
  111 2  2214 2    92 2  0.41
  211 1   213 2    92 2  1.21
  111 2   213 2    92 2  2.73
 -321 1  -323 2    92 2  2.14
  111 2  -323 2    92 2  0.17
 -531 2  -533 2    92 2 24.50
   22 1  -533 2    92 2  0.19
   22 1   111 2   213 2  0.20
   22 1   111 2   213 2  0.36
   22 1   111 2  -213 2  0.36
   22 1   111 2  -213 2  0.34
   22 1   111 2  -213 2  0.08
   22 1   111 2  -213 2  0.11
   22 1   111 2   223 2  0.08
   22 1   111 2   223 2  0.04
  310 2  -311 2  -323 2  0.21
   22 1   111 2   223 2  0.07
   22 1   111 2   223 2  0.07
   22 1   111 2   213 2  0.21
   22 1   111 2   213 2  0.03
   22 1   111 2  -213 2  0.12
  -11 1   111 2  -213 2  0.18
   11 1   111 2  -213 2  0.22
   22 1   111 2   213 2  0.24
   22 1   111 2   213 2  0.63
  211 1   310 2   311 2  0.67
 -211 1   310 2   311 2  0.19
  310 2  -311 2  -313 2  0.96
   22 1   111 2  -313 2  0.38
   22 1   111 2  -313 2  0.23
   22 1   111 2  -213 2  0.08
   22 1   111 2  -213 2  0.26
   22 1   111 2   323 2  0.05
   22 1   111 2   323 2  1.76
   22 1   111 2  -213 2  0.32
   22 1   111 2  -213 2  0.79
   22 1   111 2  2214 2  0.51
   22 1   111 2  2214 2  0.37
   22 1   111 2   213 2  0.86
   22 1   111 2   213 2  0.11
 -211 1   310 2   311 2  0.36
  211 1   310 2   311 2  0.12
  130 1  -311 2  -313 2  0.15
   22 1   111 2  -313 2  0.25
   22 1   111 2  -313 2  0.06
   22 1   111 2  -213 2  0.52
   22 1   111 2  -213 2  0.17
   22 1   111 2   213 2  0.22
   22 1   111 2   213 2  0.02
   22 1   111 2  -213 2  0.46
   22 1   111 2  -213 2  0.09
  111 2   310 2  -311 2  0.09
  111 2   310 2  -311 2  0.27
-2212 1 -3122 2 -3224 2  0.64
  211 1 -3122 2 -3224 2  0.03
   22 1   111 2  3222 2  0.19
   22 1   111 2  3222 2  0.02
   22 1   111 2   223 2  0.03
   22 1   111 2   223 2  0.09
   22 1   111 2  -213 2  0.17
   22 1   111 2  -213 2  0.43
   22 1   111 2  -323 2  0.08
   22 1   111 2  -323 2  0.01
   22 1   111 2  2214 2  0.13
   22 1   111 2  2214 2  0.05
  310 2   311 2   323 2  1.51
   22 1   111 2   213 2  0.13
   22 1   111 2   213 2  0.07
   22 1   111 2 -2114 2  0.50
   22 1   111 2 -2114 2  0.08
 -411 2   511 2   513 2 47.87
  211 1   511 2   513 2 10.85
 -213 2   511 2   513 2 37.56
  213 2   511 2   513 2 43.43
   22 1   111 2 -2114 2  3.52
   22 1   111 2 -2114 2  0.12
  111 2   221 2   331 2  0.28
  111 2   221 2   331 2  0.45
  111 2   221 2   331 2  1.37
   22 1   111 2  2214 2  0.33
   22 1   111 2  2214 2  0.10
   22 1   111 2   213 2  1.22
   22 1   111 2   213 2  1.51
   22 1   111 2  -323 2  0.16
   22 1   111 2  -323 2  0.03
   14 1  -531 2  -533 2  8.76
  -13 1  -531 2  -533 2 10.24
 -433 2  -531 2  -533 2  5.63
 -211 1   310 2  -311 2  0.22
  211 1   310 2  -311 2  0.24
 -211 1   310 2  -311 2  0.13
  211 1   310 2  -311 2  0.88
   22 1   111 2   310 2  0.08
   22 1   111 2   310 2  0.07
   22 1   111 2   310 2  0.28
   22 1   111 2   310 2  0.01
  211 1   310 2   311 2  0.25
 -211 1   310 2   311 2  1.29
   13 1  -411 2   511 2  4.72
  -14 1  -411 2   511 2 19.59
  313 2  -411 2   511 2 23.57
 -211 1  -213 2   511 2 10.83
  111 2  -213 2   511 2 26.73
  211 1   213 2   511 2 30.68
  111 2   213 2   511 2 12.76
   22 1   111 2   221 2  0.02
   22 1   111 2   221 2  0.30
   22 1   111 2   221 2  0.19
   22 1   111 2   221 2  0.26
   22 1   111 2   221 2  0.50
   22 1   111 2   221 2  0.88
 -431 2  -433 2  -531 2  5.34
   22 1  -433 2  -531 2  0.33
  321 1   313 2  -411 2 16.10
 -211 1   313 2  -411 2  7.47
   22 1   111 2  -213 2 21.39
   22 1   111 2  -213 2  5.34
   22 1   111 2   213 2 12.75
   22 1   111 2   213 2  0.00
  321 1  -431 2  -433 2  1.97
 -211 1  -431 2  -433 2  0.56
 -323 2  -431 2  -433 2  2.54
  111 2  -431 2  -433 2  0.31
 -321 1  -323 2  -431 2  1.23
  111 2  -323 2  -431 2  1.38
   22 1   111 2  -431 2  0.10
   22 1   111 2  -431 2  0.23
   22 1   111 2  -323 2  0.54
   22 1   111 2  -323 2  0.84
